Patient	Preictal_Windows	Interictal_Windows	AUC	Sensitivity	Specificity
chb01	627	12600	0.7141	0.9203	0.4399
chb02	1368	20700	0.3281	0.2500	0.4990
chb03	665	18901	0.7429	0.6271	0.7353
chb04	6011	70171	0.2539	0.0883	0.8084
chb05	854	12602	0.3431	0.8466	0.0481
chb06	18398	0	0.5000	1.0000	0.0000
chb07	4999	20397	0.5517	0.2523	0.7723
chb08	2001	0	0.5000	1.0000	0.0000
chb09	5021	9208	0.4370	0.3364	0.5597
chb10	8104	7205	0.4838	0.9463	0.0257
chb11	446	25199	0.5276	0.4439	0.5595
chb13	1989	10800	0.5406	0.6652	0.3728
chb14	1904	1800	0.5485	0.9664	0.0711
chb15	2890	900	0.6163	0.1201	0.9522
chb16	1247	4500	0.4696	0.4218	0.5351
chb17	1518	6300	0.6188	0.4611	0.7279
chb18	1229	21602	0.4526	0.1359	0.8263
chb19	1259	20700	0.7936	0.5703	0.8552
chb20	644	9901	0.8336	0.8944	0.5956
chb21	887	18900	0.3953	0.4126	0.4399
chb22	1450	10802	0.3819	0.3221	0.4823
chb23	11063	1252	0.5000	0.2662	0.7827
chb24	3905	900	0.6250	0.8105	0.3122

--- Mean Summary ---
Mean_AUC	0.5313	0.1511
Mean_Sensitivity	0.5123
Mean_Specificity	0.5429

--- Surrogate Control Comparison ---
Patient	Real_AUC	Surrogate_AUC
chb01	0.7141	0.5692
chb05	0.3431	0.3436
chb10	0.4838	0.4679
